0|1|2|3
1|0.01|1|-0.394784
2|0.02|0.996052|-0.777166
3|0.03|0.98828|-1.14598
4|0.04|0.976821|-1.50013
5|0.05|0.961819|-1.83864
6|0.06|0.943433|-2.16059
7|0.07|0.921827|-2.46516
8|0.08|0.897176|-2.75164
9|0.09|0.869659|-3.01938
10|0.1|0.839465|-3.26786
11|0.11|0.806787|-3.4966
12|0.12|0.771821|-3.70526
13|0.13|0.734768|-3.89356
14|0.14|0.695833|-4.06131
15|0.15|0.65522|-4.20843
16|0.16|0.613135|-4.33488
17|0.17|0.569786|-4.44076
18|0.18|0.525379|-4.52619
19|0.19|0.480117|-4.5914
20|0.2|0.434203|-4.6367
21|0.21|0.387836|-4.66245
22|0.22|0.341211|-4.66909
23|0.23|0.29452|-4.65711
24|0.24|0.247949|-4.62708
25|0.25|0.201679|-4.5796
26|0.26|0.155883|-4.51535
27|0.27|0.110729|-4.43503
28|0.28|0.0663788|-4.33942
29|0.29|0.0229847|-4.22929
30|0.3|-0.0193083|-4.1055
31|0.31|-0.0603633|-3.9689
32|0.32|-0.100052|-3.82038
33|0.33|-0.138256|-3.66086
34|0.34|-0.174865|-3.49127
35|0.35|-0.209777|-3.31256
36|0.36|-0.242903|-3.12567
37|0.37|-0.27416|-2.93158
38|0.38|-0.303476|-2.73125
39|0.39|-0.330788|-2.52564
40|0.4|-0.356044|-2.3157
41|0.41|-0.379202|-2.10239
42|0.42|-0.400225|-1.88664
43|0.43|-0.419092|-1.66937
44|0.44|-0.435786|-1.45147
45|0.45|-0.4503|-1.23383
46|0.46|-0.462639|-1.0173
47|0.47|-0.472812|-0.802697
48|0.48|-0.480839|-0.590821
49|0.49|-0.486747|-0.382432
50|0.5|-0.490571|-0.178258
51|0.51|-0.492354|0.0210121
52|0.52|-0.492144|0.214725
53|0.53|-0.489996|0.40227
54|0.54|-0.485974|0.583075
55|0.55|-0.480143|0.756612
56|0.56|-0.472577|0.922395
57|0.57|-0.463353|1.07998
58|0.58|-0.452553|1.22898
59|0.59|-0.440263|1.36903
60|0.6|-0.426573|1.49983
61|0.61|-0.411575|1.62112
62|0.62|-0.395363|1.73267
63|0.63|-0.378037|1.83432
64|0.64|-0.359693|1.92594
65|0.65|-0.340434|2.00743
66|0.66|-0.32036|2.07876
67|0.67|-0.299572|2.13993
68|0.68|-0.278173|2.19097
69|0.69|-0.256263|2.23196
70|0.7|-0.233944|2.26301
71|0.71|-0.211314|2.28427
72|0.72|-0.188471|2.29593
73|0.73|-0.165512|2.29821
74|0.74|-0.14253|2.29135
75|0.75|-0.119616|2.27563
76|0.76|-0.0968597|2.25136
77|0.77|-0.0743461|2.21887
78|0.78|-0.0521574|2.17852
79|0.79|-0.0303722|2.13067
80|0.8|-0.00906557|2.07572
81|0.81|0.0116916|2.01409
82|0.82|0.0318325|1.9462
83|0.83|0.0512945|1.87249
84|0.84|0.0700194|1.79341
85|0.85|0.0879535|1.70943
86|0.86|0.105048|1.621
87|0.87|0.121258|1.52861
88|0.88|0.136544|1.43271
89|0.89|0.150871|1.3338
90|0.9|0.164209|1.23233
91|0.91|0.176532|1.12879
92|0.92|0.18782|1.02364
93|0.93|0.198057|0.91733
94|0.94|0.20723|0.810322
95|0.95|0.215333|0.703054
96|0.96|0.222364|0.595957
97|0.97|0.228323|0.489449
98|0.98|0.233218|0.383934
99|0.99|0.237057|0.279801
100|1|0.239855|0.177425
101|1.01|0.241629|0.0771598
102|1.02|0.242401|-0.0206557
103|1.03|0.242194|-0.115703
104|1.04|0.241037|-0.207682
105|1.05|0.238961|-0.296316
106|1.06|0.235997|-0.381344
107|1.07|0.232184|-0.462532
108|1.08|0.227559|-0.539664
109|1.09|0.222162|-0.612546
110|1.1|0.216036|-0.681009
111|1.11|0.209226|-0.744902
112|1.12|0.201777|-0.804099
113|1.13|0.193736|-0.858496
114|1.14|0.185151|-0.90801
115|1.15|0.176071|-0.952579
116|1.16|0.166546|-0.992163
117|1.17|0.156624|-1.02674
118|1.18|0.146356|-1.05632
119|1.19|0.135793|-1.08091
120|1.2|0.124984|-1.10056
121|1.21|0.113979|-1.11533
122|1.22|0.102825|-1.12529
123|1.23|0.0915723|-1.13053
124|1.24|0.080267|-1.13117
125|1.25|0.0689554|-1.12732
126|1.26|0.0576822|-1.11912
127|1.27|0.046491|-1.10674
128|1.28|0.0354236|-1.09032
129|1.29|0.0245204|-1.07005
130|1.3|0.0138198|-1.04612
131|1.31|0.00335868|-1.01871
132|1.32|-0.0068284|-0.98803
133|1.33|-0.0167087|-0.954294
134|1.34|-0.0262516|-0.917718
135|1.35|-0.0354288|-0.878523
136|1.36|-0.0442141|-0.836937
137|1.37|-0.0525834|-0.793189
138|1.38|-0.0605153|-0.747511
139|1.39|-0.0679904|-0.700137
140|1.4|-0.0749918|-0.6513
141|1.41|-0.0815048|-0.601233
142|1.42|-0.0875171|-0.550168
143|1.43|-0.0930188|-0.498333
144|1.44|-0.0980021|-0.445956
145|1.45|-0.102462|-0.393256
146|1.46|-0.106394|-0.340451
147|1.47|-0.109799|-0.287753
148|1.48|-0.112676|-0.235366
149|1.49|-0.11503|-0.183489
150|1.5|-0.116865|-0.132312
151|1.51|-0.118188|-0.0820192
152|1.52|-0.119008|-0.0327837
153|1.53|-0.119336|0.0152287
154|1.54|-0.119184|0.0618623
155|1.55|-0.118565|0.106971
156|1.56|-0.117495|0.150418
157|1.57|-0.115991|0.192077
158|1.58|-0.11407|0.231835
159|1.59|-0.111752|0.269585
160|1.6|-0.109056|0.305233
161|1.61|-0.106004|0.338698
162|1.62|-0.102617|0.369906
163|1.63|-0.0989179|0.398796
164|1.64|-0.0949299|0.425319
165|1.65|-0.0906767|0.449434
166|1.66|-0.0861824|0.471112
167|1.67|-0.0814712|0.490335
168|1.68|-0.0765679|0.507095
169|1.69|-0.0714969|0.521392
170|1.7|-0.066283|0.533237
171|1.71|-0.0609506|0.542653
172|1.72|-0.0555241|0.549667
173|1.73|-0.0500274|0.554319
174|1.74|-0.0444842|0.556655
175|1.75|-0.0389177|0.556728
176|1.76|-0.0333504|0.554602
177|1.77|-0.0278044|0.550345
178|1.78|-0.0223009|0.544032
179|1.79|-0.0168606|0.535745
180|1.8|-0.0115032|0.525571
181|1.81|-0.00624746|0.513601
182|1.82|-0.00111146|0.499932
183|1.83|0.00388786|0.484665
184|1.84|0.00873451|0.467904
185|1.85|0.0134135|0.449756
186|1.86|0.0179111|0.430331
187|1.87|0.0222144|0.409741
188|1.88|0.0263118|0.388098
189|1.89|0.0301928|0.365518
190|1.9|0.033848|0.342116
191|1.91|0.0372691|0.318005
192|1.92|0.0404492|0.293301
193|1.93|0.0433822|0.268118
194|1.94|0.0460634|0.242569
195|1.95|0.0484891|0.216763
196|1.96|0.0506567|0.19081
197|1.97|0.0525648|0.164817
198|1.98|0.054213|0.138888
199|1.99|0.0556018|0.113122
200|2|0.0567331|0.0876175
201|2.01|0.0576092|0.0624676
202|2.02|0.0582339|0.0377619
203|2.03|0.0586115|0.0135858
204|2.04|0.0587474|-0.00997995
205|2.05|0.0586476|-0.032859
206|2.06|0.058319|-0.0549798
207|2.07|0.0577692|-0.076276
208|2.08|0.0570065|-0.0966861
209|2.09|0.0560396|-0.116154
210|2.1|0.0548781|-0.134628
211|2.11|0.0535318|-0.152064
212|2.12|0.0520111|-0.16842
213|2.13|0.0503269|-0.183662
214|2.14|0.0484903|-0.197761
215|2.15|0.0465127|-0.210691
216|2.16|0.0444058|-0.222434
217|2.17|0.0421814|-0.232977
218|2.18|0.0398517|-0.24231
219|2.19|0.0374286|-0.250431
220|2.2|0.0349243|-0.25734
221|2.21|0.0323509|-0.263043
222|2.22|0.0297204|-0.26755
223|2.23|0.0270449|-0.270878
224|2.24|0.0243362|-0.273045
225|2.25|0.0216057|-0.274075
226|2.26|0.018865|-0.273994
227|2.27|0.016125|-0.272834
228|2.28|0.0133967|-0.270628
229|2.29|0.0106904|-0.267415
230|2.3|0.00801624|-0.263235
231|2.31|0.00538389|-0.258129
232|2.32|0.0028026|-0.252146
233|2.33|0.000281144|-0.245331
234|2.34|-0.00217216|-0.237734
235|2.35|-0.0045495|-0.229408
236|2.36|-0.00684359|-0.220405
237|2.37|-0.00904764|-0.210779
238|2.38|-0.0111554|-0.200585
239|2.39|-0.0131613|-0.18988
240|2.4|-0.0150601|-0.178719
241|2.41|-0.0168473|-0.167159
242|2.42|-0.0185188|-0.155256
243|2.43|-0.0200714|-0.143068
244|2.44|-0.0215021|-0.130649
245|2.45|-0.0228086|-0.118056
246|2.46|-0.0239891|-0.105343
247|2.47|-0.0250426|-0.0925627
248|2.48|-0.0259682|-0.0797684
249|2.49|-0.0267659|-0.0670105
250|2.5|-0.027436|-0.0543386
251|2.51|-0.0279794|-0.0418002
252|2.52|-0.0283974|-0.0294412
253|2.53|-0.0286918|-0.0173055
254|2.54|-0.0288648|-0.00543473
255|2.55|-0.0289192|0.00613139
256|2.56|-0.0288579|0.0173556
257|2.57|-0.0286843|0.028203
258|2.58|-0.0284023|0.0386411
259|2.59|-0.0280159|0.0486399
260|2.6|-0.0275295|0.0581721
261|2.61|-0.0269478|0.0672127
262|2.62|-0.0262756|0.0757397
263|2.63|-0.0255182|0.0837335
264|2.64|-0.0246809|0.0911771
265|2.65|-0.0237691|0.0980563
266|2.66|-0.0227886|0.104359
267|2.67|-0.021745|0.110077
268|2.68|-0.0206442|0.115204
269|2.69|-0.0194922|0.119735
270|2.7|-0.0182948|0.123668
271|2.71|-0.0170581|0.127006
272|2.72|-0.0157881|0.12975
273|2.73|-0.0144906|0.131907
274|2.74|-0.0131715|0.133483
275|2.75|-0.0118367|0.13449
276|2.76|-0.0104918|0.134937
277|2.77|-0.0091424|0.13484
278|2.78|-0.007794|0.134213
279|2.79|-0.00645186|0.133074
280|2.8|-0.00512112|0.13144
281|2.81|-0.00380672|0.129333
282|2.82|-0.00251339|0.126772
283|2.83|-0.00124567|0.123782
284|2.84|-7.8468e-06|0.120385
285|2.85|0.001196|0.116606
286|2.86|0.00236207|0.112471
287|2.87|0.00348677|0.108005
288|2.88|0.00456682|0.103235
289|2.89|0.00559917|0.0981891
290|2.9|0.00658107|0.092894
291|2.91|0.00751001|0.0873775
292|2.92|0.00838378|0.0816676
293|2.93|0.00920046|0.0757922
294|2.94|0.00995838|0.0697789
295|2.95|0.0106562|0.0636553
296|2.96|0.0112927|0.0574486
297|2.97|0.0118672|0.0511857
298|2.98|0.0123791|0.0448926
299|2.99|0.012828|0.0385952
300|3|0.0132139|0.0323184
301|3.01|0.0135371|0.0260865
302|3.02|0.013798|0.0199227
303|3.03|0.0139972|0.0138496
304|3.04|0.0141357|0.00788859
305|3.05|0.0142146|0.00206021
306|3.06|0.0142352|-0.00361621
307|3.07|0.014199|-0.00912244
308|3.08|0.0141078|-0.0144414
309|3.09|0.0139634|-0.0195573
310|3.1|0.0137678|-0.0244554
311|3.11|0.0135233|-0.0291224
312|3.12|0.0132321|-0.0335463
313|3.13|0.0128966|-0.0377162
314|3.14|0.0125194|-0.0416227
315|3.15|0.0121032|-0.0452575
316|3.16|0.0116506|-0.0486139
317|3.17|0.0111645|-0.0516861
318|3.18|0.0106476|-0.0544699
319|3.19|0.0101029|-0.0569622
320|3.2|0.0095333|-0.0591611
321|3.21|0.00894169|-0.0610661
322|3.22|0.00833103|-0.0626777
323|3.23|0.00770425|-0.0639976
324|3.24|0.00706428|-0.0650286
325|3.25|0.00641399|-0.0657745
326|3.26|0.00575625|-0.0662403
327|3.27|0.00509384|-0.0664318
328|3.28|0.00442953|-0.0663557
329|3.29|0.00376597|-0.0660198
330|3.3|0.00310577|-0.0654325
331|3.31|0.00245145|-0.064603
332|3.32|0.00180542|-0.0635412
333|3.33|0.00117|-0.0622577
334|3.34|0.000547427|-0.0607637
335|3.35|-6.02108e-05|-0.0590709
336|3.36|-0.00065092|-0.0571914
337|3.37|-0.00122283|-0.0551377
338|3.38|-0.00177421|-0.0529227
339|3.39|-0.00230344|-0.0505597
340|3.4|-0.00280903|-0.0480619
341|3.41|-0.00328965|-0.0454431
342|3.42|-0.00374408|-0.0427167
343|3.43|-0.00417125|-0.0398966
344|3.44|-0.00457022|-0.0369965
345|3.45|-0.00494018|-0.03403
346|3.46|-0.00528048|-0.0310106
347|3.47|-0.00559059|-0.0279517
348|3.48|-0.00587011|-0.0248665
349|3.49|-0.00611877|-0.0217679
350|3.5|-0.00633645|-0.0186684
351|3.51|-0.00652313|-0.0155804
352|3.52|-0.00667894|-0.0125157
353|3.53|-0.00680409|-0.00948577
354|3.54|-0.00689895|-0.00650162
355|3.55|-0.00696397|-0.00357377
356|3.56|-0.00699971|-0.000712228
357|3.57|-0.00700683|0.00207352
358|3.58|-0.00698609|0.00477456
359|3.59|-0.00693835|0.00738257
360|3.6|-0.00686452|0.00988979
361|3.61|-0.00676562|0.0122891
362|3.62|-0.00664273|0.014574
363|3.63|-0.00649699|0.0167386
364|3.64|-0.00632961|0.0187776
365|3.65|-0.00614183|0.0206865
366|3.66|-0.00593497|0.0224613
367|3.67|-0.00571035|0.0240987
368|3.68|-0.00546937|0.025596
369|3.69|-0.00521341|0.0269511
370|3.7|-0.00494389|0.0281626
371|3.71|-0.00466227|0.0292296
372|3.72|-0.00436997|0.0301519
373|3.73|-0.00406845|0.0309299
374|3.74|-0.00375915|0.0315643
375|3.75|-0.00344351|0.0320568
376|3.76|-0.00312294|0.0324091
377|3.77|-0.00279885|0.0326238
378|3.78|-0.00247261|0.0327039
379|3.79|-0.00214558|0.0326526
380|3.8|-0.00181905|0.0324738
381|3.81|-0.00149431|0.0321718
382|3.82|-0.00117259|0.031751
383|3.83|-0.000855084|0.0312164
384|3.84|-0.000542919|0.0305733
385|3.85|-0.000237186|0.0298272
386|3.86|6.10851e-05|0.0289837
387|3.87|0.000350923|0.0280491
388|3.88|0.000631413|0.0270293
389|3.89|0.000901707|0.0259309
390|3.9|0.00116102|0.0247603
391|3.91|0.00140862|0.0235241
392|3.92|0.00164386|0.022229
393|3.93|0.00186615|0.0208816
394|3.94|0.00207497|0.0194889
395|3.95|0.00226985|0.0180575
396|3.96|0.00245043|0.0165941
397|3.97|0.00261637|0.0151054
398|3.98|0.00276742|0.0135979
399|3.99|0.0029034|0.0120782
400|4|0.00302418|0.0105525
401|4.01|0.00312971|0.00902711
402|4.02|0.00321998|0.00750795
403|4.03|0.00329506|0.00600089
404|4.04|0.00335507|0.00451152
405|4.05|0.00340018|0.00304526
406|4.06|0.00343064|0.00160725
407|4.07|0.00344671|0.000202398
408|4.08|0.00344873|-0.00116467
409|4.09|0.00343709|-0.00248958
410|4.1|0.00341219|-0.00376828
411|4.11|0.00337451|-0.00499697
412|4.12|0.00332454|-0.00617219
413|4.13|0.00326282|-0.00729076
414|4.14|0.00318991|-0.00834982
415|4.15|0.00310641|-0.00934683
416|4.16|0.00301294|-0.0102796
417|4.17|0.00291015|-0.0111461
418|4.18|0.00279869|-0.0119448
419|4.19|0.00267924|-0.0126744
420|4.2|0.00255249|-0.013334
421|4.21|0.00241915|-0.0139227
422|4.22|0.00227993|-0.0144404
423|4.23|0.00213552|-0.0148868
424|4.24|0.00198666|-0.0152622
425|4.25|0.00183403|-0.015567
426|4.26|0.00167836|-0.015802
427|4.27|0.00152034|-0.0159682
428|4.28|0.00136066|-0.0160667
429|4.29|0.00119999|-0.0160991
430|4.3|0.001039|-0.0160671
431|4.31|0.000878332|-0.0159725
432|4.32|0.000718606|-0.0158175
433|4.33|0.000560431|-0.0156043
434|4.34|0.000404389|-0.0153353
435|4.35|0.000251036|-0.0150132
436|4.36|0.000100904|-0.0146406
437|4.37|-4.55019e-05|-0.0142205
438|4.38|-0.000187707|-0.0137558
439|4.39|-0.000325265|-0.0132495
440|4.4|-0.00045776|-0.0127049
441|4.41|-0.000584809|-0.012125
442|4.42|-0.000706059|-0.0115132
443|4.43|-0.000821192|-0.0108728
444|4.44|-0.00092992|-0.010207
445|4.45|-0.00103199|-0.00951924
446|4.46|-0.00112718|-0.00881277
447|4.47|-0.00121531|-0.00809092
448|4.48|-0.00129622|-0.00735695
449|4.49|-0.00136979|-0.0066141
450|4.5|-0.00143593|-0.00586554
451|4.51|-0.00149458|-0.00511438
452|4.52|-0.00154573|-0.00436367
453|4.53|-0.00158937|-0.00361635
454|4.54|-0.00162553|-0.00287529
455|4.55|-0.00165428|-0.00214322
456|4.56|-0.00167571|-0.00142281
457|4.57|-0.00168994|-0.000716564
458|4.58|-0.00169711|-2.68903e-05
459|4.59|-0.00169738|0.000643946
460|4.6|-0.00169094|0.00129381
461|4.61|-0.001678|0.00192072
462|4.62|-0.00165879|0.00252283
463|4.63|-0.00163356|0.00309844
464|4.64|-0.00160258|0.003646
465|4.65|-0.00156612|0.00416413
466|4.66|-0.00152448|0.00465159
467|4.67|-0.00147796|0.0051073
468|4.68|-0.00142689|0.00553032
469|4.69|-0.00137159|0.0059199
470|4.7|-0.00131239|0.0062754
471|4.71|-0.00124963|0.00659636
472|4.72|-0.00118367|0.00688246
473|4.73|-0.00111484|0.00713354
474|4.74|-0.00104351|0.00734955
475|4.75|-0.000970014|0.00753062
476|4.76|-0.000894708|0.00767699
477|4.77|-0.000817938|0.00778902
478|4.78|-0.000740048|0.00786723
479|4.79|-0.000661375|0.00791224
480|4.8|-0.000582253|0.00792477
481|4.81|-0.000503005|0.00790567
482|4.82|-0.000423949|0.00785588
483|4.83|-0.00034539|0.00777645
484|4.84|-0.000267625|0.0076685
485|4.85|-0.00019094|0.00753324
486|4.86|-0.000115608|0.00737196
487|4.87|-4.18882e-05|0.007186
488|4.88|2.99718e-05|0.00697678
489|4.89|9.97396e-05|0.00674577
490|4.9|0.000167197|0.00649447
491|4.91|0.000232142|0.00622443
492|4.92|0.000294386|0.00593724
493|4.93|0.000353759|0.0056345
494|4.94|0.000410104|0.00531782
495|4.95|0.000463282|0.00498886
496|4.96|0.00051317|0.00464923
497|4.97|0.000559663|0.00430058
498|4.98|0.000602669|0.00394453
499|4.99|0.000642114|0.00358268
500|5|0.000677941|0.00321663
501|5.01|0.000710107|0.00284794
502|5.02|0.000738586|0.00247813
503|5.03|0.000763368|0.00210869
504|5.04|0.000784455|0.00174108
505|5.05|0.000801866|0.00137669
506|5.06|0.000815632|0.00101688
507|5.07|0.000825801|0.000662936
508|5.08|0.000832431|0.000316096
509|5.09|0.000835592|-2.24653e-05
510|5.1|0.000835367|-0.000351638
511|5.11|0.000831851|-0.00067038
512|5.12|0.000825147|-0.000977721
513|5.13|0.00081537|-0.00127276
514|5.14|0.000802642|-0.00155467
515|5.15|0.000787095|-0.0018227
516|5.16|0.000768868|-0.00207617
517|5.17|0.000748107|-0.00231448
518|5.18|0.000724962|-0.00253711
519|5.19|0.000699591|-0.00274361
520|5.2|0.000672155|-0.0029336
521|5.21|0.000642818|-0.0031068
522|5.22|0.000611751|-0.00326297
523|5.23|0.000579121|-0.00340197
524|5.24|0.000545101|-0.00352372
525|5.25|0.000509864|-0.00362822
526|5.26|0.000473582|-0.00371552
527|5.27|0.000436427|-0.00378576
528|5.28|0.000398569|-0.00383912
529|5.29|0.000360178|-0.00387586
530|5.3|0.000321419|-0.00389629
531|5.31|0.000282456|-0.00390077
532|5.32|0.000243449|-0.00388973
533|5.33|0.000204551|-0.00386364
534|5.34|0.000165915|-0.00382302
535|5.35|0.000127685|-0.00376841
536|5.36|9.00006e-05|-0.00370043
537|5.37|5.29962e-05|-0.00361971
538|5.38|1.67991e-05|-0.00352692
539|5.39|-1.84701e-05|-0.00342275
540|5.4|-5.26976e-05|-0.00330793
541|5.41|-8.57768e-05|-0.0031832
542|5.42|-0.000117609|-0.00304934
543|5.43|-0.000148102|-0.00290711
544|5.44|-0.000177173|-0.00275731
545|5.45|-0.000204746|-0.00260074
546|5.46|-0.000230754|-0.00243821
547|5.47|-0.000255136|-0.00227051
548|5.48|-0.000277841|-0.00209846
549|5.49|-0.000298826|-0.00192284
550|5.5|-0.000318054|-0.00174446
551|5.51|-0.000335499|-0.0015641
552|5.52|-0.00035114|-0.00138251
553|5.53|-0.000364965|-0.00120045
554|5.54|-0.000376969|-0.00101866
555|5.55|-0.000387156|-0.000837834
556|5.56|-0.000395534|-0.00065867
557|5.57|-0.000402121|-0.000481826
558|5.58|-0.000406939|-0.000307938
559|5.59|-0.000410018|-0.000137611
560|5.6|-0.000411395|2.85809e-05
561|5.61|-0.000411109|0.000190095
562|5.62|-0.000409208|0.000346422
563|5.63|-0.000405744|0.000497088
564|5.64|-0.000400773|0.000641653
565|5.65|-0.000394356|0.000779713
566|5.66|-0.000386559|0.000910903
567|5.67|-0.00037745|0.00103489
568|5.68|-0.000367101|0.00115139
569|5.69|-0.000355587|0.00126015
570|5.7|-0.000342986|0.00136094
571|5.71|-0.000329376|0.00145359
572|5.72|-0.00031484|0.00153796
573|5.73|-0.000299461|0.00161393
574|5.74|-0.000283322|0.00168145
575|5.75|-0.000266507|0.00174048
576|5.76|-0.000249102|0.00179101
577|5.77|-0.000231192|0.00183309
578|5.78|-0.000212861|0.00186677
579|5.79|-0.000194194|0.00189216
580|5.8|-0.000175272|0.00190938
581|5.81|-0.000156178|0.00191859
582|5.82|-0.000136992|0.00191997
583|5.83|-0.000117793|0.00191374
584|5.84|-9.86552e-05|0.00190012
585|5.85|-7.9654e-05|0.00187937
586|5.86|-6.08603e-05|0.00185177
587|5.87|-4.23426e-05|0.00181763
588|5.88|-2.41663e-05|0.00177724
589|5.89|-6.39392e-06|0.00173095
590|5.9|1.09155e-05|0.00167909
591|5.91|2.77065e-05|0.00162203
592|5.92|4.39268e-05|0.00156014
593|5.93|5.95281e-05|0.00149378
594|5.94|7.4466e-05|0.00142335
595|5.95|8.86995e-05|0.00134924
596|5.96|0.000102192|0.00127183
597|5.97|0.00011491|0.00119153
598|5.98|0.000126826|0.00110874
599|5.99|0.000137913|0.00102384
600|6|0.000148151|0.000937225
601|6.01|0.000157524|0.000849293
602|6.02|0.000166016|0.000760424
603|6.03|0.000173621|0.000670994
604|6.04|0.000180331|0.000581372
605|6.05|0.000186144|0.000491916
606|6.06|0.000191063|0.000402975
607|6.07|0.000195093|0.000314886
608|6.08|0.000198242|0.000227974
609|6.09|0.000200522|0.000142549
610|6.1|0.000201947|5.89079e-05
611|6.11|0.000202536|-2.26684e-05
612|6.12|0.00020231|-0.000101914
613|6.13|0.000201291|-0.000178581
614|6.14|0.000199505|-0.000252437
615|6.15|0.00019698|-0.000323268
616|6.16|0.000193748|-0.000390877
617|6.17|0.000189839|-0.000455086
618|6.18|0.000185288|-0.000515734
619|6.19|0.000180131|-0.000572681
620|6.2|0.000174404|-0.000625802
621|6.21|0.000168146|-0.000674994
622|6.22|0.000161396|-0.00072017
623|6.23|0.000154194|-0.000761262
624|6.24|0.000146582|-0.000798219
625|6.25|0.000138599|-0.000831011
626|6.26|0.000130289|-0.000859621
627|6.27|0.000121693|-0.000884051
628|6.28|0.000112853|-0.00090432
629|6.29|0.000103809|-0.000920463
630|6.3|9.46048e-05|-0.000932528
631|6.31|8.52795e-05|-0.00094058
632|6.32|7.58737e-05|-0.000944698
633|6.33|6.64268e-05|-0.000944973
634|6.34|5.6977e-05|-0.00094151
635|6.35|4.75619e-05|-0.000934425
636|6.36|3.82177e-05|-0.000923846
637|6.37|2.89792e-05|-0.00090991
638|6.38|1.98801e-05|-0.000892765
639|6.39|1.09525e-05|-0.000872567
640|6.4|2.22679e-06|-0.000849478
641|6.41|-6.26799e-06|-0.00082367
642|6.42|-1.45047e-05|-0.000795319
643|6.43|-2.24579e-05|-0.000764607
644|6.44|-3.0104e-05|-0.00073172
645|6.45|-3.74212e-05|-0.000696848
646|6.46|-4.43896e-05|-0.000660183
647|6.47|-5.09915e-05|-0.000621918
648|6.48|-5.72106e-05|-0.000582249
649|6.49|-6.30331e-05|-0.000541372
650|6.5|-6.84468e-05|-0.000499479
651|6.51|-7.34416e-05|-0.000456766
652|6.52|-7.80093e-05|-0.000413423
653|6.53|-8.21435e-05|-0.000369638
654|6.54|-8.58399e-05|-0.000325596
655|6.55|-8.90959e-05|-0.000281479
656|6.56|-9.19107e-05|-0.000237463
657|6.57|-9.42853e-05|-0.000193718
658|6.58|-9.62225e-05|-0.000150409
659|6.59|-9.77266e-05|-0.000107697
660|6.6|-9.88035e-05|-6.57328e-05
661|6.61|-9.94609e-05|-2.46617e-05
662|6.62|-9.97075e-05|1.53787e-05
663|6.63|-9.95537e-05|5.42585e-05
664|6.64|-9.90111e-05|9.18561e-05
665|6.65|-9.80925e-05|0.000128058
666|6.66|-9.6812e-05|0.000162761
667|6.67|-9.51844e-05|0.000195867
668|6.68|-9.32257e-05|0.000227291
669|6.69|-9.09528e-05|0.000256955
670|6.7|-8.83832e-05|0.000284789
671|6.71|-8.55353e-05|0.000310734
672|6.72|-8.2428e-05|0.00033474
673|6.73|-7.90806e-05|0.000356765
674|6.74|-7.55129e-05|0.000376777
675|6.75|-7.17452e-05|0.000394752
676|6.76|-6.77976e-05|0.000410674
677|6.77|-6.36909e-05|0.000424538
678|6.78|-5.94455e-05|0.000436345
679|6.79|-5.50821e-05|0.000446105
680|6.8|-5.0621e-05|0.000453835
681|6.81|-4.60827e-05|0.000459562
682|6.82|-4.14871e-05|0.000463317
683|6.83|-3.68539e-05|0.00046514
684|6.84|-3.22025e-05|0.000465077
685|6.85|-2.75517e-05|0.000463179
686|6.86|-2.29199e-05|0.000459505
687|6.87|-1.83249e-05|0.000454117
688|6.88|-1.37837e-05|0.000447085
689|6.89|-9.31287e-06|0.000438481
690|6.9|-4.92806e-06|0.000428382
691|6.91|-6.44237e-07|0.00041687
692|6.92|3.52446e-06|0.000404028
693|6.93|7.56474e-06|0.000389944
694|6.94|1.14642e-05|0.000374707
695|6.95|1.52112e-05|0.000358409
696|6.96|1.87953e-05|0.000341144
697|6.97|2.22068e-05|0.000323007
698|6.98|2.54368e-05|0.000304092
699|6.99|2.84778e-05|0.000284497
700|7|3.13227e-05|0.000264317
701|7.01|3.39659e-05|0.000243647
702|7.02|3.64024e-05|0.000222583
703|7.03|3.86282e-05|0.00020122
704|7.04|4.06404e-05|0.000179648
705|7.05|4.24369e-05|0.00015796
706|7.06|4.40165e-05|0.000136245
707|7.07|4.53789e-05|0.000114587
708|7.08|4.65248e-05|9.30725e-05
709|7.09|4.74555e-05|7.17813e-05
710|7.1|4.81733e-05|5.07915e-05
711|7.11|4.86813e-05|3.01778e-05
712|7.12|4.8983e-05|1.00111e-05
713|7.13|4.90832e-05|-9.6411e-06
714|7.14|4.89867e-05|-2.87155e-05
715|7.15|4.86996e-05|-4.71525e-05
716|7.16|4.82281e-05|-6.4897e-05
717|7.17|4.75791e-05|-8.18979e-05
718|7.18|4.67601e-05|-9.81085e-05
719|7.19|4.5779e-05|-0.000113486
720|7.2|4.46442e-05|-0.000127994
721|7.21|4.33642e-05|-0.000141598
722|7.22|4.19482e-05|-0.000154269
723|7.23|4.04056e-05|-0.000165983
724|7.24|3.87457e-05|-0.00017672
725|7.25|3.69785e-05|-0.000186464
726|7.26|3.51139e-05|-0.000195205
727|7.27|3.31618e-05|-0.000202935
728|7.28|3.11325e-05|-0.000209651
729|7.29|2.9036e-05|-0.000215355
730|7.3|2.68824e-05|-0.000220053
731|7.31|2.46819e-05|-0.000223752
732|7.32|2.24444e-05|-0.000226467
733|7.33|2.01797e-05|-0.000228213
734|7.34|1.78976e-05|-0.00022901
735|7.35|1.56075e-05|-0.000228881
736|7.36|1.33187e-05|-0.000227852
737|7.37|1.10401e-05|-0.000225952
738|7.38|8.78063e-06|-0.000223212
739|7.39|6.54851e-06|-0.000219666
740|7.4|4.35185e-06|-0.00021535
741|7.41|2.19834e-06|-0.000210303
742|7.42|9.53159e-08|-0.000204564
743|7.43|-1.95032e-06|-0.000198175
744|7.44|-3.93207e-06|-0.000191179
745|7.45|-5.84386e-06|-0.000183621
746|7.46|-7.68007e-06|-0.000175545
747|7.47|-9.43552e-06|-0.000166998
748|7.48|-1.11055e-05|-0.000158027
749|7.49|-1.26858e-05|-0.000148678
750|7.5|-1.41726e-05|-0.000138999
751|7.51|-1.55625e-05|-0.000129037
752|7.52|-1.68529e-05|-0.000118839
753|7.53|-1.80413e-05|-0.000108453
754|7.54|-1.91258e-05|-9.79232e-05
755|7.55|-2.01051e-05|-8.72962e-05
756|7.56|-2.0978e-05|-7.66166e-05
757|7.57|-2.17442e-05|-6.59278e-05
758|7.58|-2.24035e-05|-5.52724e-05
759|7.59|-2.29562e-05|-4.46914e-05
760|7.6|-2.34031e-05|-3.42246e-05
761|7.61|-2.37454e-05|-2.39102e-05
762|7.62|-2.39845e-05|-1.37848e-05
763|7.63|-2.41223e-05|-3.88304e-06
764|7.64|-2.41611e-05|5.76205e-06
765|7.65|-2.41035e-05|1.51195e-05
766|7.66|-2.39523e-05|2.41602e-05
767|7.67|-2.37107e-05|3.28571e-05
768|7.68|-2.33821e-05|4.11855e-05
769|7.69|-2.29703e-05|4.91225e-05
770|7.7|-2.24791e-05|5.66476e-05
771|7.71|-2.19126e-05|6.37424e-05
772|7.72|-2.12752e-05|7.03906e-05
773|7.73|-2.05713e-05|7.65783e-05
774|7.74|-1.98055e-05|8.22937e-05
775|7.75|-1.89825e-05|8.75273e-05
776|7.76|-1.81073e-05|9.22715e-05
777|7.77|-1.71846e-05|9.65212e-05
778|7.78|-1.62193e-05|0.000100273
779|7.79|-1.52166e-05|0.000103526
780|7.8|-1.41814e-05|0.000106281
781|7.81|-1.31185e-05|0.000108541
782|7.82|-1.20331e-05|0.00011031
783|7.83|-1.093e-05|0.000111595
784|7.84|-9.81409e-06|0.000112404
785|7.85|-8.69005e-06|0.000112747
786|7.86|-7.56258e-06|0.000112636
787|7.87|-6.43622e-06|0.000112083
788|7.88|-5.3154e-06|0.000111102
789|7.89|-4.20437e-06|0.000109711
790|7.9|-3.10727e-06|0.000107924
791|7.91|-2.02803e-06|0.00010576
792|7.92|-9.70431e-07|0.000103238
793|7.93|6.19487e-08|0.000100378
794|7.94|1.06573e-06|9.71998e-05
795|7.95|2.03772e-06|9.37255e-05
796|7.96|2.97498e-06|8.99765e-05
797|7.97|3.87474e-06|8.59754e-05
798|7.98|4.7345e-06|8.17447e-05
799|7.99|5.55194e-06|7.73075e-05
800|8|6.32502e-06|7.2687e-05
801|8.01|7.05189e-06|6.79064e-05
802|8.02|7.73095e-06|6.29891e-05
803|8.03|8.36085e-06|5.79582e-05
804|8.04|8.94043e-06|5.28367e-05
805|8.05|9.46879e-06|4.76472e-05
806|8.06|9.94527e-06|4.24122e-05
807|8.07|1.03694e-05|3.71535e-05
808|8.08|1.07409e-05|3.18927e-05
809|8.09|1.10598e-05|2.66504e-05
810|8.1|1.13264e-05|2.14469e-05
811|8.11|1.15408e-05|1.63016e-05
812|8.12|1.17038e-05|1.12334e-05
813|8.13|1.18162e-05|6.25998e-06
814|8.14|1.18788e-05|1.39848e-06
815|8.15|1.18928e-05|-3.33501e-06
816|8.16|1.18594e-05|-7.92531e-06
817|8.17|1.17802e-05|-1.23582e-05
818|8.18|1.16566e-05|-1.66206e-05
819|8.19|1.14904e-05|-2.07003e-05
820|8.2|1.12834e-05|-2.45862e-05
821|8.21|1.10375e-05|-2.82683e-05
822|8.22|1.07548e-05|-3.17376e-05
823|8.23|1.04374e-05|-3.49864e-05
824|8.24|1.00876e-05|-3.80078e-05
825|8.25|9.7075e-06|-4.07962e-05
826|8.26|9.29954e-06|-4.33469e-05
827|8.27|8.86607e-06|-4.56564e-05
828|8.28|8.4095e-06|-4.77223e-05
829|8.29|7.93228e-06|-4.9543e-05
830|8.3|7.43685e-06|-5.11181e-05
831|8.31|6.92567e-06|-5.24481e-05
832|8.32|6.40119e-06|-5.35345e-05
833|8.33|5.86585e-06|-5.43798e-05
834|8.34|5.32205e-06|-5.49871e-05
835|8.35|4.77218e-06|-5.53607e-05
836|8.36|4.21857e-06|-5.55055e-05
837|8.37|3.66351e-06|-5.54272e-05
838|8.38|3.10924e-06|-5.51322e-05
839|8.39|2.55792e-06|-5.46276e-05
840|8.4|2.01164e-06|-5.39213e-05
841|8.41|1.47243e-06|-5.30214e-05
842|8.42|9.42218e-07|-5.1937e-05
843|8.43|4.22847e-07|-5.06773e-05
844|8.44|-8.39261e-08|-4.92522e-05
845|8.45|-5.76448e-07|-4.76718e-05
846|8.46|-1.05317e-06|-4.59465e-05
847|8.47|-1.51263e-06|-4.40873e-05
848|8.48|-1.9535e-06|-4.21051e-05
849|8.49|-2.37456e-06|-4.00111e-05
850|8.5|-2.77467e-06|-3.78167e-05
851|8.51|-3.15283e-06|-3.55333e-05
852|8.52|-3.50817e-06|-3.31723e-05
853|8.53|-3.83989e-06|-3.07452e-05
854|8.54|-4.14734e-06|-2.82633e-05
855|8.55|-4.42997e-06|-2.57381e-05
856|8.56|-4.68735e-06|-2.31806e-05
857|8.57|-4.91916e-06|-2.06019e-05
858|8.58|-5.12518e-06|-1.80127e-05
859|8.59|-5.30531e-06|-1.54235e-05
860|8.6|-5.45954e-06|-1.28445e-05
861|8.61|-5.58799e-06|-1.02856e-05
862|8.62|-5.69084e-06|-7.75642e-06
863|8.63|-5.76841e-06|-5.26609e-06
864|8.64|-5.82107e-06|-2.82337e-06
865|8.65|-5.8493e-06|-4.36608e-07
866|8.66|-5.85367e-06|1.88632e-06
867|8.67|-5.8348e-06|4.13799e-06
868|8.68|-5.79342e-06|6.31148e-06
869|8.69|-5.73031e-06|8.40036e-06
870|8.7|-5.64631e-06|1.03987e-05
871|8.71|-5.54232e-06|1.23011e-05
872|8.72|-5.41931e-06|1.41026e-05
873|8.73|-5.27828e-06|1.57991e-05
874|8.74|-5.12029e-06|1.73865e-05
875|8.75|-4.94643e-06|1.88617e-05
876|8.76|-4.75781e-06|2.02219e-05
877|8.77|-4.55559e-06|2.14649e-05
878|8.78|-4.34094e-06|2.25891e-05
879|8.79|-4.11505e-06|2.35931e-05
880|8.8|-3.87912e-06|2.44765e-05
881|8.81|-3.63435e-06|2.5239e-05
882|8.82|-3.38196e-06|2.58808e-05
883|8.83|-3.12316e-06|2.64029e-05
884|8.84|-2.85913e-06|2.68064e-05
885|8.85|-2.59106e-06|2.7093e-05
886|8.86|-2.32013e-06|2.72648e-05
887|8.87|-2.04749e-06|2.73242e-05
888|8.88|-1.77424e-06|2.72741e-05
889|8.89|-1.5015e-06|2.71177e-05
890|8.9|-1.23033e-06|2.68585e-05
891|8.91|-9.61741e-07|2.65004e-05
892|8.92|-6.96737e-07|2.60476e-05
893|8.93|-4.36261e-07|2.55043e-05
894|8.94|-1.81218e-07|2.48753e-05
895|8.95|6.75355e-08|2.41654e-05
896|8.96|3.09189e-07|2.33795e-05
897|8.97|5.42985e-07|2.2523e-05
898|8.98|7.68215e-07|2.1601e-05
899|8.99|9.84225e-07|2.06192e-05
900|9|1.19042e-06|1.95828e-05
901|9.01|1.38624e-06|1.84977e-05
902|9.02|1.57122e-06|1.73693e-05
903|9.03|1.74491e-06|1.62033e-05
904|9.04|1.90695e-06|1.50054e-05
905|9.05|2.057e-06|1.37812e-05
906|9.06|2.19481e-06|1.25361e-05
907|9.07|2.32017e-06|1.12758e-05
908|9.08|2.43293e-06|1.00056e-05
909|9.09|2.53299e-06|8.7308e-06
910|9.1|2.6203e-06|7.45653e-06
911|9.11|2.69486e-06|6.18782e-06
912|9.12|2.75674e-06|4.92954e-06
913|9.13|2.80604e-06|3.68635e-06
914|9.14|2.8429e-06|2.46276e-06
915|9.15|2.86753e-06|1.26306e-06
916|9.16|2.88016e-06|9.13291e-08
917|9.17|2.88107e-06|-1.04858e-06
918|9.18|2.87058e-06|-2.15304e-06
919|9.19|2.84905e-06|-3.21866e-06
920|9.2|2.81687e-06|-4.24231e-06
921|9.21|2.77444e-06|-5.22108e-06
922|9.22|2.72223e-06|-6.15237e-06
923|9.23|2.66071e-06|-7.03378e-06
924|9.24|2.59037e-06|-7.86321e-06
925|9.25|2.51174e-06|-8.63882e-06
926|9.26|2.42535e-06|-9.35902e-06
927|9.27|2.33176e-06|-1.00225e-05
928|9.28|2.23154e-06|-1.06282e-05
929|9.29|2.12526e-06|-1.11752e-05
930|9.3|2.0135e-06|-1.16632e-05
931|9.31|1.89687e-06|-1.20917e-05
932|9.32|1.77595e-06|-1.24607e-05
933|9.33|1.65135e-06|-1.27703e-05
934|9.34|1.52364e-06|-1.3021e-05
935|9.35|1.39343e-06|-1.32135e-05
936|9.36|1.2613e-06|-1.33485e-05
937|9.37|1.12781e-06|-1.34271e-05
938|9.38|9.93544e-07|-1.34505e-05
939|9.39|8.59039e-07|-1.34202e-05
940|9.4|7.24837e-07|-1.33377e-05
941|9.41|5.9146e-07|-1.32048e-05
942|9.42|4.59412e-07|-1.30235e-05
943|9.43|3.29177e-07|-1.27957e-05
944|9.44|2.0122e-07|-1.25237e-05
945|9.45|7.59835e-08|-1.22097e-05
946|9.46|-4.61132e-08|-1.18561e-05
947|9.47|-1.64674e-07|-1.14654e-05
948|9.48|-2.79328e-07|-1.10402e-05
949|9.49|-3.8973e-07|-1.05831e-05
950|9.5|-4.95561e-07|-1.00968e-05
951|9.51|-5.96529e-07|-9.58392e-06
952|9.52|-6.92368e-07|-9.04733e-06
953|9.53|-7.82841e-07|-8.48976e-06
954|9.54|-8.67739e-07|-7.914e-06
955|9.55|-9.46879e-07|-7.3228e-06
956|9.56|-1.02011e-06|-6.71894e-06
957|9.57|-1.0873e-06|-6.10513e-06
958|9.58|-1.14835e-06|-5.48409e-06
959|9.59|-1.20319e-06|-4.85845e-06
960|9.6|-1.25177e-06|-4.23082e-06
961|9.61|-1.29408e-06|-3.60372e-06
962|9.62|-1.33012e-06|-2.97963e-06
963|9.63|-1.35991e-06|-2.36091e-06
964|9.64|-1.38352e-06|-1.74986e-06
965|9.65|-1.40102e-06|-1.1487e-06
966|9.66|-1.41251e-06|-5.59509e-07
967|9.67|-1.4181e-06|1.57048e-08
968|9.68|-1.41795e-06|5.75057e-07
969|9.69|-1.4122e-06|1.11677e-06
970|9.7|-1.40103e-06|1.6392e-06
971|9.71|-1.38464e-06|2.14081e-06
972|9.72|-1.36323e-06|2.62019e-06
973|9.73|-1.33703e-06|3.07605e-06
974|9.74|-1.30627e-06|3.50725e-06
975|9.75|-1.27119e-06|3.91276e-06
976|9.76|-1.23207e-06|4.29169e-06
977|9.77|-1.18915e-06|4.64326e-06
978|9.78|-1.14272e-06|4.96684e-06
979|9.79|-1.09305e-06|5.26193e-06
980|9.8|-1.04043e-06|5.52814e-06
981|9.81|-9.85148e-07|5.76522e-06
982|9.82|-9.27496e-07|5.97302e-06
983|9.83|-8.67765e-07|6.15153e-06
984|9.84|-8.0625e-07|6.30085e-06
985|9.85|-7.43242e-07|6.4212e-06
986|9.86|-6.7903e-07|6.51289e-06
987|9.87|-6.13901e-07|6.57636e-06
988|9.88|-5.48137e-07|6.61211e-06
989|9.89|-4.82016e-07|6.62078e-06
990|9.9|-4.15808e-07|6.60308e-06
991|9.91|-3.49777e-07|6.55979e-06
992|9.92|-2.8418e-07|6.49179e-06
993|9.93|-2.19262e-07|6.40004e-06
994|9.94|-1.55261e-07|6.28553e-06
995|9.95|-9.24059e-08|6.14936e-06
996|9.96|-3.09122e-08|5.99266e-06
997|9.97|2.90143e-08|5.81659e-06
998|9.98|8.71803e-08|5.62241e-06
999|9.99|1.43404e-07|5.41136e-06
1000|10|1.97518e-07|5.18474e-06
